3106
580291987365537344
507587096756655612
505445990274626684
391520564370599535
121627261100329426
145352868391451562
293099043262684712
482139716551550843
315666796230046690
189514475715916199
49974434535504262
29358130911781802
57657397398858519
535040947576809376
303212493959689595
601166853048542200
520492739610331444
99626802223944921
52755240689883921
20991699359019357
10654430368077325
428557581107016559
19959533951997156
23671161040645840
253789090354277839
738685837781485888
109217295954883249
419760547402937294
5471421703424722
151764312113409359
687165700374288062
149379472148051401
266984608750360315
35169898572438994
22788141747443771
493646843063189505
455333915766473364
276122476149781229
210154409721855438
165835177228747083
83218431420021283
389973196047461136
466871487637359470
514589272334757940
324302198148426918
168258063430254262
273296561406061714
294712365575020803
142916578027009775
40776246875001
137590654116357854
210367208739871313
261854663808055016
467713314552440451
753687604064513264
45352451804115020
50184924596533024
129681868050918162
279560783810045501
145550883686780962
425961252594104256
247304989250730711
240391012920261124
444592558002438959
614118517063736069
118487858155879507
70629311425416525
47557437410027118
268609577862204235
191920405532422800
60968978440768398
187749030664946302
397591626601595958
95553185226182461
29433550410303775
140297438948688186
240371949591416175
122240043054627519
708810348495065735
311394215934915446
88403152477173021
395282205482989969
545363870106661126
4201459000694
123326233244027302
7775982482071567
795238754574321737
208347011220688782
42291074732259947
417421348369994898
895684112822543624
687133435912835939
660853485475525507
374313694415252494
260828472646974080
501831877227439485
218441919675444666
115755055410467520
304710892765857627
56993014415731055
151365036432680563
406363399799212075
391901863000953780
137898268985937760
120273984534934204
45640688379288402
18819164805637682
78628921694800435
15708543267888915
234273641116282302
879969520158174859
441164652017489796
324269973694416473
715125649131147537
171240077516569027
231668472647832476
125068128684395514
734254077330527435
142272526662290283
153988417372703458
566505774921343791
411516624417680674
325322812745922390
184422461645988553
169492085624858694
114134524759930804
6798800112831363
121608785078004170
57891289290138237
123138604695974127
616680309321076191
412219844703796212
192433393305302447
470345074179463669
764732820518111570
343521534123343455
713311630792667692
878932738467329353
40527552916477371
505765281205166403
10207057054316318
565664426224034959
276724334182263290
139695684097143147
126027486077876291
67043807297719345
1595209840024829
236192731529405185
390825634356112431
294644648490362834
253517357356684558
184454590624685697
667524649461656969
441579044735362198
70227096317035122
92660895369798170
177263485269299205
122882309695718816
620082485123648488
597805808542998929
921930243699214586
128919872593806587
848992625941490485
424435925688072023
253375327057671771
419004508358100529
91770852010830332
258773725628224359
18141058266223498
252545081498624399
478165847074006770
479232104772639706
46642214664270323
13869367255273604
62525496946983203
22219111530493042
769842643323213071
558891150219990376
48928641798725732
361605799030408355
224341390364634473
72694373676944291
525337027930011278
270596826656937009
406555927981007333
378452303281783500
407338275312612530
342888382555842967
439906753819177421
539899396068737999
125844180220959917
484977410817422870
240686054654725052
764600882180489538
141614455648094822
26606150765801352
7695035131242100
530343255158948615
531053970621494705
63662926671792046
935068633417836110
371563328880917239
295257300699237473
594516079688225822
8514839951796485
513010304572845723
956595329691204461
146014926762223044
524329703777641932
1840878733547590
321231771277034803
89612444630913423
27849351485890862
21198948913457991
81990823723856452
467035522925828364
46346839775418157
142939202478421651
377189053558938953
220368886691111486
343213053953562230
752244785482377269
93985480946294627
61915476272520922
10635427901104758
159288069160452628
34094373826321425
15558866340363153
1360266570314318
767132938600151724
905016686834031927
537193584896355113
448782483742092859
97790239557060338
298172834743778672
121480628743661439
11623188743575914
89026678070288662
289445197997468109
108427778403725823
37608078851771157
68860148199312259
323249042368285809
220346473913330979
146099398133466609
838125791286509093
27019960404016937
313590709381689556
573295433443068278
84915211131389984
848948699048912059
28553452379331867
31141428182796663
74044787827470420
167853238041405382
282017989967929655
77629170587113559
520282855807147934
49928014208795632
68392002770865932
74973965769833637
15091260846108192
8051101987317478
680348532225271305
241868732800175500
529661161329079533
77929664985026744
202572739151121296
566167573027327445
101503495365071805
75797207609283246
104818571044196204
91069060403966781
657954836738118809
252689832765783817
69485746744487814
239579697882694691
758021537601895628
475718337850307810
832485413379289786
28055680162233955
189552308014316636
2894614505728045
589008026817077470
641547392605475789
54411695322146648
75394255490989511
39408193405410702
55799233188354392
47646530549693139
9906892479760783
82596120499687038
584299990645587527
535988965799758394
190736560265554378
46099031986211026
58785662009950964
958962502353895862
146131526002705349
16786701605662157
129721507169646585
708393566936767809
875657601228249893
37020930817407061
417535588756798206
850864149437619840
473587672953594687
17697121225357510
87010864736822379
278022736677044619
808936159284259150
307489666103001678
135379541493339221
107357279214752771
355985299608296055
60962362831033210
581940425521330
288798609423569405
71601568064747257
617073376946342497
34489947309366334
60973116055252249
119617237371607542
544331564129097755
250205402713377225
301214849823703683
104601084976596730
194847264915993438
342993386375736164
60471128670502074
107109334916235720
333905891081557856
271175553429104662
244392531875598228
914038581826317704
135064648333805986
282223355336714641
49866717762347456
47505499183372155
79132276239157502
351131167456567924
54696600623907474
9429840183487271
177367837154181129
294046912600482489
148015278835241287
687799751755699269
348108329492596219
165829061580485391
651476214362253547
23440813536662425
703737810941045181
452417026812902942
17367719699920018
76327027016441111
13443425714419185
79311191278320180
12400344731626366
10321486609039053
240306429424560807
935837361053403563
750968915587587737
227088505368071050
160659343450867142
31603781513554117
271207365033303037
318433920657606767
137538871286068518
36604087577941645
684340467440210320
172025337292347435
18487526333232166
411322388341823504
134075570257289959
597712686033747002
231147634740465004
5221132393391829
15680586173597584
38397798701636508
48200566194630613
246584164081866574
515659696085691677
227266395863838441
580626151139097316
147960178057320265
241614193283117272
119436171446618405
15032759153123684
85017669725346426
418963165627751978
162185537661438555
370714154863406723
352611588195125887
99720401481948897
22446488864837385
375522400888350131
32597849217459005
67667570230556568
176060128219019849
118028934037539121
876016752825488035
431681893799607024
214973643125172113
159753817573005902
354865503346787949
35898587060488853
202052178920702491
584333687225850106
337367294797605954
417784585005935392
274203931801736316
724924876734070209
441564620363397829
461311284937162391
313987945480710529
78020852781644369
242373048160602630
862176019680006994
275266366612660848
708671097119871552
3461273321200122
225927437828209233
208114527980961408
617157676877393290
364281783642386433
99127602726575001
341439674683795996
564615556994165040
47659942731603948
293467243309960627
612708007004107507
48987212506504255
68122800153159825
79275899605194747
243178630759231018
485239121411266997
123640371259272666
250158790156231172
9416083887743860
9769854687107008
137807728061684014
182574235033930985
103566666135268323
647867483654249301
93433851437773245
58103930566058901
665265932428666675
557403878885030640
44877468873845016
6661223804449483
115724539323507149
429676882053548564
542238377072984976
208183363114058199
33245308016614942
9023963731197738
204116694973081423
313003876658401716
649108146123888463
744630024243933583
774118262844930
314453564272771883
317264569003117703
331919648714821070
367421530573574638
62227883395720078
128718425484169291
198196309287621101
378492587166413492
47629163474023651
222304704580504002
406132048639005544
731768215128732985
99891745586960114
407328087664318216
7264029672181636
1035217072545509
173910859697653652
265584724497389511
105803276534230126
28329801358028249
492108645981210135
53354937978568097
556953397390376092
502121626356919669
436645057268709311
446831837998271519
257636281749761932
166283732255642949
229997583352035789
104709183483299233
671145759837895742
179999213894212610
54034997677753814
603373960096246816
57508164068304735
6163839823069018
129463111801285919
143785970320014397
66678447999308684
223493687232906069
441738178352874698
678431136286565270
116901144019503419
529261828810547498
12421438734127149
770736415210591749
520102235684913383
498263258770727729
215228117040341624
915783478325862941
582600678116600523
669831382813634
423793813107255896
76549804517165860
147856904802640304
27772637593759360
263063575282734509
227408277811680910
213514823829442117
814601979687166017
342016018081649071
198580023283699866
366361238182636589
68259889876798270
351337846541085674
51545543517880040
168879549930901599
323364361423350342
264006571785047416
133963632983144973
76052118213196213
211561695887295560
390034366037798788
789628843308556506
269843835938069248
69719123075385955
335146717334687842
41153380813488766
44484279223902920
54628523726787160
239358509167822152
10796438848064658
38642225143635551
152380115290841368
82655569103212149
16326208701020899
86601133642557323
5418365107907577
156984782730809424
803896807151559
94747431043296611
902209373388642591
442979485922923871
32179451078647995
340739024888982774
326012760530250917
230237538871567729
51288466514452493
992843196824123594
389269175342614992
58100292075170928
255136658462560391
174726978004072569
355574135408439657
97015662193732481
123877329396082646
65651943881781651
247409245747623748
214616836246373737
23700252174734366
51386555318041815
88120911126467358
110704515455891035
395476107057773343
237621893212363167
169662648619479544
496752102967854290
453740173065695276
149279382139198697
252316817656943372
35916104914893423
331474870534686508
225780016433702449
400653967236021276
205427235826118628
255094161446957714
631643421489916766
128620222615115825
189160404102716184
209011522536288328
72108565431313943
700494026777883259
126664220791221407
43390749180712319
610829915979066872
29705837902364322
661079762775126106
722713080804387050
458852904346817122
17326961943341936
412167814685973114
395572094935310136
32071816308352442
66056639767650045
277175537478435477
95251391440781343
116603407210229394
965988554774659456
132823465245912727
286151921045234984
73124414551061654
365808192871046562
142843940635102187
208263808693502853
732118637571009336
244393425554006501
12607961112999569
348743825624472916
204134682196253106
204530567853031763
303407056454535724
243067724909327132
198780438981956533
56855473548302293
536962416812255608
643604635240341494
65814452671494252
119922594091417723
402241102753617987
62816151266544982
169730398449906110
196851856495882675
226262778511859136
2113208177396257
142916145921284479
272674641678340518
126473463598852017
356661152764178773
158154317689547975
37036929006857891
148939579299259170
758013674374530775
382660169583000633
56212164100127018
769370418098850950
634182727265442479
533695756463342855
623213136275715694
728513215544978784
438660690493403319
29458184741400872
134492141648064904
38817333077091809
337150002285386682
352895060831090437
85634986810399537
368065071215680464
121722988997588818
560557785781675058
689729102866635011
161356166110528715
382827996517480348
158503165234687770
557555072265304057
431482754023965944
12199289783827933
569918882492950901
146551468562389706
522918533405774301
226657604534692832
286304473304833349
91139153725209603
69842178060869125
242996374262913173
75128259315884612
134956031609533484
860734895956024650
204810995989600555
52221807689618410
706080617318297895
462043637472538921
152904448468945350
30067096959987487
108122331226857472
64856242743382628
654575914923574113
79747605043977909
254189681246944571
119408091877263318
109436436879500032
9946275919763484
76899406876914351
671461156383898894
9754825580551699
38876019241689441
715559270898146647
217113680707870571
402675585721756774
102020587501616000
307685830586245619
191030090497991372
563107073510958086
905277865365100530
484632830109084526
14023930581148549
102355073025845359
106903448765009327
43068937519858291
16006151916215372
397914136225409796
208962656637212023
631515363640075252
29679504876564585
299855964613416077
73807404078340636
235477961888554037
348347276506380274
69106694871019652
264030602990740502
197466820144318813
224834507736108357
714187536058265528
257247520987762520
569414023745760887
409574370299794325
291380322350792138
85754722725520343
282643961469730519
44449000597065958
309751839069603814
285489123163345976
123777093428827824
252691464147608676
80727656019021170
546142305750516358
449133752268572571
44322259217615851
117716332681253581
970315741102480154
170978814528154956
14152567767486555
31539330264201620
338005191989066633
484041547407465484
765107915130978418
5562160661744247
279662855412521910
755633644853029150
524420796051841053
617135888494827788
183660352742737183
513111695371900952
107060443900449602
222029933745146789
384661250657598992
33958006586360692
577719755069967866
421461271589694720
68201938887688509
22910162965801454
399953295984115129
304511718067240141
677032640253347068
366132691444256311
492459609960347697
142848386147726059
18066311024598941
558705300468806571
780016800442708867
137175069735323941
975695257789706797
7805207628131759
607202728583566273
292685349790636366
9751128045036899
423797956185149157
202635562421960354
2455816763186090
54268658683668590
177863165029181160
314937349519721584
106488227996412453
36392852964208201
330427644921101352
279218760936896248
392145365146492387
461591847104978226
326547556038115264
196283622422876286
551081048134965661
515851556095349662
129943764853737951
40806788223389628
4379336725950667
846395292522114557
414308836560925085
675629139999948878
230979011809900128
458830581833752069
83795630773436175
53967196419082650
45093782642594722
11345258023434486
320505712567773866
492685133690234069
27603162657312363
381605249257521587
13843731296534186
21665822497418567
3141057243407041
792407075099094397
332009953472036989
156827577050772079
531064944002272740
4846523880621767
113126779342791608
150631258273077127
24436852674330561
9452134814399601
867012718689130558
35288164636270359
341938208126166117
308965549339701674
168744064835315168
295442679445991695
137970865121376819
211471545221431228
191922106012553443
81662734511009919
108591578623728949
91595069031698518
127598487694116294
559373857268889372
126961850599229625
71404077288928806
26055576161998275
576674667837714578
21281675163848410
474413008499083614
38861262403154712
79885158175622584
348174113566235037
109547556592800243
643750409961751259
78608295170596083
62450424078108484
62932567148615142
588245140602691532
53018424797894447
314259520416547779
48368762538476121
468742374750821082
21098937563974684
165727081512259626
542721537193324365
647993420053683867
47154196061561916
5065519802991521
12878375376666889
764676773040468807
164670727765211169
771179277097102472
83059452211545678
622781218863048879
15229370324268845
352262528186490118
607708784138281328
500626457867143652
852312995236911075
24888293743026042
23686679340081999
543332917226633943
371730571692349248
31179223667482686
489162686413990389
439973289950009218
54023310584815935
34900154722504160
330842114497246263
208066354405569221
240559886558443655
73274977015377997
309993140378104333
357991142923994737
12058291652361417
9378356005671956
644814671560727528
591548410607609505
130300171771694320
584159438165605526
582732662828544433
468776986127808161
103081053138230847
223304740157865864
178380747349926337
318147509885243703
543227140062036206
222469209866355839
621077648742320917
71852344746931545
44859186417301570
95733676350997678
57255808809162783
67582582512793289
60355629118225725
102881770444564132
173535944182293019
172572575952410147
387994413553130615
935593711372936079
377207198587759818
415778312816230525
191222528894169423
104277547137208338
179982694884334815
307113955505312912
54436113839784464
125205773121952646
771148656421571992
24059629210018849
458568692993722351
13311702382583925
69161224347013262
847422123993018974
345885172673553516
263765783268136085
233440352382352700
262882010177381558
67487120645006123
153401422234931336
398193959693932789
837183291031272593
104372600230825103
393778064852293199
370260199204400292
84512557746931869
46764638105651470
12963692737201296
197609303066562045
24177802001017857
45647010507317885
162117331522574539
44411444413521082
267458703494518523
73985399766567482
419131151011881787
202785398025189062
30115233240614004
279893538787509095
454535913873091330
157725925922050
38450619695970253
521600274857813730
22177549346220248
131570819152959230
73860350655239936
4364340707001851
6745108392952212
435461362757407565
23257276059678801
45200770830438929
185259810362574384
3067241012291243
564586509689950053
31471732641931688
312371154088286171
259739566814205606
27850064842215917
673524369971104675
541245791028836732
533369204812215655
163674089604357408
665435929685979244
160515188817437552
403088076795845866
496662763454116959
1678167989181805
169781595778760350
26809259636656882
36630459621537118
120053876673189394
235803505712166723
975470251747137083
21567696360813065
159796398951985467
106886444204118191
225022911177469758
50548422187756677
142631000943882237
120927954859018911
380195341524242748
444454422304220318
375872284348978417
531015968641781561
483641231778676253
365704556066021435
35256653502594068
839322027092385176
770735784270173639
35343433859055722
641101377396969589
530130789788765501
160681105767799140
71162084222294135
268412864806174853
227879971375268871
391963451843824016
183400241561895369
73030351714740398
184760521230613315
240687366052665633
213373608295050334
822987530273580
632139568157940116
4847317662762598
264274190395776234
460146137449315305
375983077884561555
383920843628402889
555002522125902920
116416079128863049
269842395211050479
388216508557206104
339844988685440260
164329806242643776
803273207485667099
12809304853586513
132151860322908366
5936288228644093
153723919817791580
180669678696712678
97335338324371669
888896760047780872
340276625691918034
71361691407497631
89139841570524746
2735706194410617
13470424657760573
610295014325763191
989682975787864460
633975380894965399
235595034218897746
963125018500291478
638268705049433310
305138113616474711
62760792485647068
113857300552061180
382282838155704298
763404690531423823
189563397379689558
123412260317414376
164732246413369414
172365290226325381
217826670945712058
59515674178965588
339049553257670925
6480057392493344
140934255443693202
614086432338619184
737110044661517394
269969798002178120
22101480738565439
114321349955546092
24966655392988662
77916395795486287
541310786233473
383821386337801949
434652325581311935
16270147017094732
36214942338327773
187206018192700956
776250553978796661
119523308578443270
941369947752248053
649580773468776092
480947871482328711
257784137934714603
540988607825404656
315578857292758161
290405221641240196
93945735968027842
347974390602926628
27435717002737406
52247737824966029
12903550688548147
661450400946610454
25899215219941300
207283700623712945
730577121982647705
324358375879879251
156936860324436463
33372094625902074
562208670323623498
65386149574104418
593889680373031443
41859761190750633
34234712668156215
460484726328510279
91594131401966288
158763520345741453
334431002914867611
23690893163182978
549580487952166082
111490392439490494
515044758327627440
183579409539686860
255052079718502457
5084938206451211
7833169230698237
18325627620340616
53281475656238043
140080573198726585
244588809530447701
83723653855962793
281465052981382247
119038641067240782
135400121359538788
563168456243363366
53678557840161483
526639797711545806
52911524013562549
187732186888232168
434181014629826292
1496966363611939
1514464340031672
33270453407633350
243864138195427990
934174753778074494
577528808129898203
177223300422545389
51466616691935090
364720292153456606
48148080160688706
103442165977616589
284539790699017225
390743884398940264
473319491885970558
150208600652051362
7052816767563898
201647805064450481
259988172196522239
71136631872829621
415795149015361434
336129817377758238
125897062886963008
296138795990837248
81179978278701579
300600319960833149
222595618883576884
587728356503474277
173400639839104730
681786735719532297
55783435218753885
114231907946822823
116612901709568713
123438440518815060
679605813659263341
428307102179308884
278357397616474977
843710865634793374
122419473090479049
45629790921314323
98254616439945086
128630119189803318
162172081779008550
52910815436410113
204736018014382291
16944683191682798
170159860690539503
45843834528725906
204320376040748675
254188730277954687
32793894561489798
212008489914366153
432228257660227301
348665136774243651
15210195270648899
450832802745818498
156634439184274435
75035246649991812
68806657767140449
67327450847330252
564938969064067269
416486631244076809
634919961799144610
427889022311841506
726219408392214759
658710419234987487
125559850314254537
874378223749902649
516506869356337877
363115468380410836
303558513465937104
734191665944010893
36484683165874816
116952509954787447
515982369646104286
286927279068942314
37523235392034999
566911214202039654
139856225834408549
2328852537253443
22093540319937189
431107701493075516
594227763421364733
573731265731438715
402926233224551252
33798928918774609
695995601407032908
613177669637986615
367621195682128898
35722768952541220
13125885478098633
438157616124107291
247706620563414340
434322798846976944
74287771940803344
374157272791627194
47715986044049238
12271437631912252
149448367195166021
260909327723613647
708508586501488198
634522800429891200
406619605104145806
180880522443032204
107052470761821928
66432375789003890
19420344926050340
65147664003949747
635844513677631962
240606961284927341
12506005111354928
60712130854250470
28978142382959725
535153184131976280
81818282232225216
28025784790815860
4976142758653945
590251187494139514
598727406584916268
312518765478214798
3882066491053943
277560716537592678
618440744046691890
95685232443044293
144048107138238982
69521244519872360
555826930185631882
186381149621962008
570359513769097
245939558746999272
215919600339037065
590141088450790716
573102842170994022
795647925031614481
89689599656970996
371609628732240868
725475266729305533
169189701856217636
84809691719410432
693360942694998155
2392875660322107
555439883099923510
261678331218275873
480523274129804282
113617737988663085
198706584767574141
23246434258739069
16459460428786274
158898671853683222
27390538675479273
61096501900849637
83079621440174632
404034895533246323
106751738906580050
206376114423863183
42590781732120348
21275150682023875
53441707330491103
74794183408527280
159451037718742410
159856754187676142
77623840942006026
1276117898171757
192638473065184166
67578699906564153
923675372421570529
163848994556830553
282907943936917313
257634240768149530
13088126696413709
25843351234127756
532326711997263300
209174941612315131
565072789121889158
775844911283464150
275733438367153853
390977650703389203
409824861556103990
525339009524936803
237007689071699876
298562653504571188
162933250426361927
156628221190166958
582022918189033795
187705890415441790
24069970913645156
88137616983984664
429841275067610445
730797311823812908
426422926029242803
317612890865739752
99004179117843237
488698103861563248
431643251562797206
277152688404931542
348105905312284491
211413099656727521
278636194744545890
777718697866951289
29357668449648041
232615400285353417
41791300859396227
581883360053422918
120721245063160261
69040235620864058
4551324695775905
71859707281562670
81271729034612528
285152114461716204
217926529333081605
144906496403549887
237548636614351680
255527055312319591
284471358441604743
240883956990148384
666860202318614175
143377907978061844
135729436732921733
9471851415364867
14528964459017229
54106181845527562
46085092486288239
277057493724944820
595185936723645810
529286460270570596
108458506122672193
15112604438113241
20275411098254050
373562230518958581
646304577809333688
107601953246497640
535760802451242981
30395503551093593
454765292791507188
159711841988383984
28671083724990456
707564558257299
142584091360146710
464635634818871888
48865465989027691
164221065727289930
556827611407279902
332684526572970655
140749853536065641
210248421212527191
822157891864181585
129900642094903476
78221502156325430
47258155424698083
310175436338919656
106803064072402441
305316800133261293
77553585736330780
537781862382728665
37108757521213762
837757760093876128
500733804310581633
23414498948667194
476591462538579386
1351362831307031
896375479398782805
360157657598678412
1638355542722474
5661315191253907
338959802879441935
56205904903706975
300464329603728241
200465182486962353
19103168440357500
4559616399963715
63742586134718750
443101603958675252
92441054135662884
396114203188898118
16023893708063044
673564698095085986
341975968429123231
78525025988872063
194022826765440281
286794420623436968
353024523892801781
11501381856333366
789685569925058049
548033570073986829
4302310985904323
124060502507207845
545679510509736333
338272610778014740
215627788461641254
264751190096164391
336803896109830926
379786493094746057
712033555380869216
730195901933698635
2856954969840171
120020669608020867
57634625643916241
507696353722609450
352382830019458069
45387925938871261
285396003213415728
103713456380715671
652408420870812206
55917762117358170
284754467478174032
282228995773025022
125137535416805681
18408286151258076
29316431941666035
53088584340310961
278103685757354831
281462807648418538
28094553290698311
219642313817886543
110794290396964771
374162355780792478
12423654998231178
249867214264680260
3515237125192267
12504435126937091
80396991078058996
588602279339288344
105737375777911872
646014421499515837
36885069583727857
539425156098415922
358685914500565477
2011187661460681
98934556531343736
467534168708217
328609568830515555
50349325089821719
270895020988194877
598039941558687633
110327420167178648
283700583914579900
67626484405247655
203433376663081630
6534554712261757
106371796727963903
245172947464760582
79271242595558417
644572980326757917
414994924756953988
460306206697205616
270568411026439346
723318107896191771
10849315239133810
2541096377866781
457431175167559107
194274232332538144
604772634353151422
322894801432623106
248410660243833874
201664117136175424
196595838180115599
25630361163017260
105106527306627095
5107082621221253
327901337181312109
664303947723120893
224934244288235313
460302620770805321
275052611189112561
167985536245805687
873289006538087760
596255622723578783
179976882356521201
719872413022171511
57696678594201491
970969721521062988
525922606733522080
40334584037874755
66182268054509969
89618909000008012
476436602216267786
543741817571801358
354613996267790822
596295632848129704
34951880129029819
574438878875970005
31045145131535105
81479367473357844
381552611347684811
193687177392222525
429453612568679786
1999297376679073
269512928986182753
13871236546096459
557567883181577600
368991749084306334
114566458521658126
969147552684062072
362974677280058437
432088355751114784
99891759002490029
11822775136727355
290752065851134014
21764950720747211
583649765486006079
19525010502090918
321827975281529612
249591209758102095
119722137960658726
64507468773967528
175093238351537437
282670756341141959
255321714232720805
195239838908163773
341720029725278473
382318984298499883
395631963859046541
25935338377426830
1473448378321072
121000033385078001
151173447528090053
37189722445417566
138364370491386069
75513595223536405
551773736005719249
692866912720054939
45367585253569872
200979246024767284
393135007017177029
758913534362301663
59078214019335520
557174215718375567
199546760435419962
406338455427419759
854710032141967867
24587744121949238
50741159484295527
421420648245183471
330534579253396369
83649732967937026
108483238394337066
523107326596057940
649243073641890848
303403290972021901
320324126986248070
343222142303063113
192706980462717717
92226930745828380
233982139476111862
204260448990072304
381701829203989
256848285963967187
53058262178831667
93064356042254877
208511239853290339
256538092729359561
453852025827270199
415842132756655519
17125586648831469
59804581782696800
158013261670074289
909724557919274354
96947189250550326
165574078701890027
310171844218071393
309128589372480361
234757492237174893
129324176533499819
352578878482387082
510286100192670459
595715298255501709
84055905714205666
53845559906258958
42935779284476923
426720691368828002
164740415895963805
272203606000003080
767156522789746427
170997021253684811
66589684658336520
136198096669031337
786283490687114123
56739725434829206
684597691870444061
71924384102237858
17229655016876754
395074727153028882
344607383851550640
41095240032342895
608722509359551414
13376675269189054
608181242223710587
31356681622851825
294987137476624272
434647660684679099
846123158205433770
581764007588314868
603112366123239760
84072691207248485
384508615342263311
298103576274505506
148154748929200897
87743886059923999
24600123912564280
874997500512403554
13760330542164749
32132604111470205
977910576284938402
191132794504091515
19171953316997297
57987836122094426
377908626054422947
535514327546838572
517626342535465010
48565760595969849
59218214379595749
2250421396480070
54188801580617233
555087344856527413
272952659800657899
101510114985642935
191369843633218167
54745912200523756
215767325151775631
753359183797812841
10989763770209568
592958346975527670
792042409560935918
63289262217644126
37023764189897950
21044416162654157
20984415030266697
617319615437766486
59650347120195449
90300486575342708
281053545449655675
179250918324476872
29430601099467980
318871760735656368
411247444123186465
248924116112523534
402712630348918125
115683852329051657
355935333607641900
20831849930096850
63655411085952601
379536757405535465
106724064323626143
71945195633645632
230352493469900282
652772226026851482
321772269128507199
181489299119268480
468883169824437169
8611955552556100
715788427779849988
520445220412834387
686526338095613751
346965390875257959
552610342126868131
524813904674878609
164196279052218866
84342585630565495
811887063019360397
152273651402354579
116385833273431724
444172399660011192
224440097039904959
104339055389473133
542214874529835361
109501971285843707
317475571422239783
345604087204795714
127353957058946279
463394029506556653
512623701930919096
435948572138289516
566869382025716219
428222243218153017
184289954726244871
22499878629379327
409975333327300011
675446920125677996
20458262287156454
613786980239733096
502412163315758037
448264907963761664
325208447414651609
40052459725607813
33023420088358543
755739167409143851
427002533867979620
17514350461699202
47382670251205132
292237589672756605
728027744788230309
319004580691877093
650360465425728446
996439309150435148
612759225930766076
228756689950822408
192545150255954360
757195528771275140
392380003990980334
154822747535944341
563645856911237146
300004366327147555
273301228892826920
500150481896384172
199934019604419646
133678396886730037
16122831552892130
5696550480100322
288166477857435842
588571651636333249
35601279545676674
169107373093737297
863657230678375541
199602361897732820
31021489396956389
6473843968938349
212479323400804994
380406931437170657
822930642109992430
210777077423323833
148787854640203874
76188749688581581
793899329136557807
138612160489162465
251974842270412226
411442167942022809
718552578170844433
65583522480257082
221421912351253675
860757110562146236
318929516234702052
30128003008598824
103083317898223216
244453300171094264
15897839010868052
28332750415358492
272557933497058199
24557311455323649
185671637859736304
16157557621973234
178078003350245172
536094200925053944
212689791143621020
331480163131917265
14694947162331424
526817262645615233
6867640354434807
91666220202017062
16204165065826853
1176850508258335
269490419328921617
24803751670257930
246592825783809355
118779451204629572
604065239577988821
393639936847464541
392981249411617786
210534257215827521
389735810561257473
222221063401942795
137955014482439122
88613205867596284
52773966641715890
76497624296054031
170468497965386105
863356590997246692
25464568434132509
950507738238784401
51712536882769769
44515831858447050
267391812103415077
15514986676422902
40106473188795103
247913653970261569
118878519128727005
605322205888740965
13504389059808548
56311971986277814
340098762944633107
83928051691015149
111530157638018771
71739883326975885
173843534162990420
866323949849996362
269845274256055495
190771070247753499
637755206701030197
386886296929994055
365798925414057585
24406808698870286
63346217800313969
168697266176244535
804298693146809013
84660793611611363
17761306574455729
176932363917014849
933472085042165141
229373910542242719
145735907465411909
216385922126578765
62395466880266832
39638753643958661
20048714409481407
83378259029940327
314750209816975813
70941714166130724
429895049609796693
132619044016968620
37364020436601578
218277631323665289
421542102406045134
518333091475280073
777963584327297685
226719179060544484
449568122351775668
684534088101041068
105411861945581167
63531215773134012
447806949727687941
579256548383217899
338010568332456521
290477523920444600
432413969853539502
281053425049182239
970372866862353782
112968678072312453
57601619264311858
828757911105230176
33059432703486322
117048080106814968
61724362300095235
112662422725180224
154581996669973941
87192560428885608
481536014389097225
19416860288174842
127130729943231702
44903102851296185
33343285625374034
155727733233228661
542041316613086704
72231060931494328
244018539467380809
609932479865785661
91333542386329260
435261766776984746
19265125998110547
308565966018693209
21196529034994569
129453519992594025
30384491165102318
546449925653777772
312957093091964122
644157564268154740
382943668061218458
497213745151052836
28395869022533053
815180786155499960
16553586205383006
58749564982511798
39816941991700351
11248328465734550
810232385540401996
24931563189116662
3589423487059530
205496825035892248
15414704128986635
16151170257583739
131569313358973110
236341316867316014
30874318055115649
1134237448869604
524270870984204417
15341558178329193
56436100625010774
59121861718907782
337688220172455374
187504275706002485
428566344955257627
52153940655845794
122690496414590829
418705974425583678
12110337561561718
523549120001907968
320156197045619947
480183770659681526
343685450491010332
332199282160007972
22498357215424804
801077602245773961
252005758547846943
754526637426284
164675341436178532
922623508356898986
691301677482786426
200561199884238911
29747247930651696
556212459814329619
244657174729417652
513302899191363471
182883555514013975
43678763868738681
39916037320341357
231926554539334000
940332494179183
189060113850707461
199020378145729579
13466928821378552
612354043776987412
368684695804936372
572086233146956730
844343426818869747
188015839970537501
632027035242618949
504007273893169549
165828172020358563
3372851965494438
108657897342247848
40756233825288587
266768620606452575
7293853506942423
666058785690023893
213382026074103490
20306288165754507
163906126555128169
949733561266071888
167501429244112939
694246101003804507
344400639889338505
429045050704709933
2094572824047540
731589644109386640
656782633660926959
146721110552106506
154065845500478383
134676823492142604
359444573602562563
94080736869408967
352001157849524893
176963938783589217
5410288465313625
385006364865874304
226941248203243928
477701712701217171
65921592543108850
301022760334407294
653306893519562370
322308391079171741
107172892149072088
797020326618637745
190176287894095040
659041711232220503
461612577192556316
168950420283282175
85538629411373415
223492890201575944
679100531203894008
327996629970508309
85470953075808615
552978041788339879
288317782558173656
82043915150432548
279158059249835255
189221636628570399
9951425106853891
237439779384239600
30296531822568266
885374736898820476
1113956514324715
229858337995692649
181455845469410427
91653864695093021
157731557424405602
428318704574922359
505668491414075283
85163038001721802
662940493828776408
317272651318329861
59603881630830622
247790585824946292
117963223846324988
13713602920405269
278916428324587888
371413728704487961
9721534201268920
336251748965427965
460935758385943408
426232245714252944
707260578810566644
49892908601396287
110505122943263152
326402744641141210
51593413411615984
245416871247881735
64034853706233471
233961913368486067
128902955292562609
143961520051399077
480095412881026902
314982199544802234
323053806251938157
511489583226345338
663293782808207585
38550331772639006
225038578124021492
104794847504898023
153887900072264962
92717719191103188
527142223084652476
16423813880971910
498973266530166934
77874842031995023
151872697126938011
295737078648603085
19695958976353684
739818338766361228
895443536941333
472767097412474190
291373135995278662
345335371390495479
40000568074118151
101837724966197355
601081739444975645
123103712681692599
45688415769911483
469638704575058935
223106425513876586
311529171344331664
152832071006067799
110338583939345088
34290755026267274
54006973250313519
37952499935108220
573186712057651480
20510947988339122
303981727045574135
245984722725997037
669533971621792224
102410564152200323
151959308874787743
597747136549289491
132271269366453648
372766570611046996
53664100747124841
187441944943735978
838630140593907569
293368558163489761
505386136906660356
219512154843987589
106611231115774535
549761923893974174
444296455904981079
95044747783559616
573032988952545371
335622936975231512
268703422858600453
938416005392767712
725880091038724017
285112597721562820
311964164294080195
318761765218702074
26943941352055519
688089652371992454
17119989989225904
9175006973477827
713314290281767013
182714540795671090
1302205529279121
770826938033928885
12791814805396610
278631063641872969
490897142804715061
84700564439180909
55738155309556977
82980098128916534
200802989621173289
432625089176758042
88683836987538156
226872607945673614
184262564179997040
42725032110089522
323102666109500984
11559554295459961
444559420510319375
28592221832358350
46306162553235884
175692779100512124
56897814286793368
111369801874883510
758929482612165899
384424965828371990
59251783235466671
104300056174983035
79965139342600585
445041320567315207
87612597439659669
227879290185094497
963911581998021115
118144685684280114
560275663552175401
238629805127792133
103226224252337020
759320471914176591
168617545063064926
878604085282435535
275384820671258909
547317043757075438
111301242356873960
84659581139417730
394816150584756629
19465680663830110
236015090664077968
202491676044549884
94172097392792223
698250288360942561
255532127999968859
243950756677007373
48875379153762454
489771194173828411
26765623788030166
16578828376004027
486042757289084946
80835427460497426
13077294694142732
441446428125571966
406000488428268686
627769336960108902
574479340935670424
482130988826139101
468664152809678730
310260433684558213
288139691508472034
125287525650346172
17372993169627129
180123658569609074
848875255019731598
110190224699793944
701177727166660650
167657942361265404
95836249297712534
104173595301898472
255173595709430437
91558905593384004
199707345656323929
587106973352477612
367454926149605373
9865861889028837
165585153976355288
923599349515333790
274663685575750420
21028696669227329
507242039714303211
239428230156035568
622027108905548018
340270493278695150
17960659776621361
100691413493245003
798586538382486560
348571674195166844
581893242547833717
286599647588030860
386933522237014880
146313238254245169
342952027270635446
891289083713109374
584742108776596578
529173833007094640
64858777689549097
274270394766599804
274415228668869950
825057956462611884
267923819532977918
731206494062907495
725355470921166929
106609013268541607
608410768553812093
13644988834184181
255998427772725576
287846890775260574
386378114174436042
387447548534147873
54308625884784341
277989694656858967
213708934102674048
14263053660812243
290855728864628406
109313792054877492
200680391846292334
634238943059467854
292831147853571457
532075296750689861
3651310694250743
32146193860276685
108982006375766797
168754992839763907
217460096404984183
85391776793615692
921603448732210010
531434252115451327
33850015682459082
229158536085603133
76941903389495724
59849795124690584
691352281826019769
713475633663900391
743290437818273
55645996995214248
193149097264705273
36800004071551251
607753694951240947
26602300207071443
73422383535593705
726734549502393650
317013969371725137
354935731727187938
71003430951056290
619403291116310297
146345729193856865
875036151043894781
115136499248636927
343939210247955941
376172909263551047
573239209196171261
95416717755224268
16346346674991545
778917675862732386
119716638375155950
123594856543561950
481477069984475
307163240867922358
41040310232907446
39922005063529816
270311481225759770
186231749269784433
479820802134725933
114295816158548718
735203708458404055
56283024905166336
514264120959064107
547133269557868891
581878633587200687
15372548504397661
102835902755596686
250137501273654529
334905299194932031
873673027698966481
62256709566874060
498235830858085431
97525609355319571
135042205562897886
79574290566997535
715619063583857437
521381514908263426
384611173557498225
7870121554779597
205321721950510518
604070016262358841
37162757622631431
252996539061425405
79294710467224038
300488704203323258
129516996247113157
33223889028185184
136994097101142857
909703472799811883
138562608134247817
594544577608911
13483851991220803
972413531240796151
158900969283944410
312176132016708968
157644634840594888
745981797658975727
128243969660938816
430274232262552482
266138568303018144
60886791960740403
307068920300332770
41947609459433189
536158504400770487
224311904120848829
734367254058079105
47807613819745505
55745740206787578
733420187947731096
280213222846622459
745767902287431862
134570275580158669
73451522477370963
288945666422095140
991361200004546079
709247437675467362
761856268683469364
131741201627471664
353082035582355340
168998491412599929
17030302757798490
503282905397576889
78595580774196500
322122890974189638
425057525442937804
491133019402441026
20174127261732464
297636781213700246
516042634546484802
476403257896241591
703295758788069386
212096794487851656
92433829113976030
272357234423834588
54625463696146587
694412368953224549
31681325025164301
447701204472961583
221238547972265696
902514876794989008
703249937793704010
89557580744783978
179005402217046428
298368586761765581
279654487907108830
730556299800053137
375005541710523333
336953532443418906
866063657708438095
82999170560771850
44060282774707952
403084993228164196
190003461526639924
43183528886817397
469968438861695
765667298329373366
385802403973279701
355354318177383514
70948171895246627
134434531207832898
140478534854592976
133116822002057134
741887436055529927
156586552071408630
248310802360821802
3322084793058170
16002688962460588
704410426876154512
473166859668070424
138772299595002185
17895778149403365
3908685750591811
137336512982978575
667992997032482768
413905671341873
300574534847067361
344897618702507319
475730402668538610
7854217613186781
5952797485026686
383178110537977909
608914388687954161
13239242490529414
455322114582377808
237309848252801134
648061410224843496
46747587276398093
161351111871600561
53057497837948587
58554376079528503
479107891344923165
483933330434151323
84420967937591196
655314717023277067
397146721620218809
619383827668756157
265992749743314737
403286021866915279
503104178595677430
478790329472935779
645035500162591319
159398877851217887
44477494204971099
87287691595106490
115874754538780283
290187409154688681
278755298837572889
318169409004421804
49948270733298238
411460388219012019
13294547804287428
430802707678088270
875645769500335849
691172089885476312
750972172623910220
498215028052939123
17906739903979467
187190595089880834
3503948135337625
172104194013232151
464134283848502579
11844322093571716
286563719236882076
336508530812217049
560732904885371789
692908195912167169
270248621564965832
726515852320920290
438171888778294121
241471496919500317
406270698436739142
41916678846527197
378775993578185632
19099639485825665
782578497124405563
794947025649021400
16631363951213160
486500625692591830
428628106539989664
554527112225108391
232494325594233186
561179658164091720
618465016557406652
398440557550960773
497939661080596367
216980939649913091
2184321096076507
769416615914648721
573617717059810399
3647090116129072
639677493564236651
638121604635966201
832433547171961377
773383648871072333
420500333852642610
389007532067205392
361836309982878229
14599529091839639
241923935601307325
288608396060294528
773261854615953380
27145234412798314
204338609450182288
248557148454527628
175263272294972315
500309175286748881
240233500525083237
556015455386944520
265687925281772122
51170629587400917
210886119880837010
127506228738038907
30614286994292535
256960268245589987
76461381724051887
456088365662836740
176602273143081309
59767401811689987
435567520945368226
66217653309548030
106365971626434855
896628120688861260
407151567133811237
32626791314877156
225212326033392007
344741281457537512
265323616610833890
152215076789768477
480271930994380257
646488084992635437
107672662542546049
79312667806221625
66803442057264790
275343394594267733
36109336993171396
132578489484820072
195583005847260722
13754564318204889
794223954570379926
385237565034939468
479177219515686056
39704943708775326
352948752649718504
461156174914441972
5372342864608716
14327582871839678
127053964985634569
109606106628302489
12478936975442389
111769369013754102
948407746710127833
38665628110433979
52611749366464268
159791374220302076
832837138783427101
169407195909730363
988379116762217729
46324280236380358
502177276590998438
581969148772433901
9495184599290410
167231592403534920
302378072320968197
1502660537686984
765874416513317406
101909610393086303
12324543507091391
440406514379502014
369304011123981931
113564198454784181
995887022349446961
28944628497816971
191669886603277272
247531849657489288
369177764308620634
445311796126482147
394054457076997157
633133036529855892
407013174520054708
981098149040417922
59186783712920601
476569447836270900
228193870285732411
551191656773329723
230088955299058204
68555830555065993
735621548696156737
21243225971480047
848847228551743756
44593555769313
36293288001048283
907645078171345414
563162246991481546
46221311118110539
45775294860136900
672115748071052105
98618829777383847
223919524511149485
79683721029582449
35343707326318893
166823467928715855
903527398827749150
664098979861722795
553538869079832719
335585444996828528
163958362218219142
783507519204838718
38307526190981813
295511391070729516
533417930800252599
10640692979556650
48369369268786942
21041876030547275
482388129820754309
251153815866336406
236026477173898945
213944111611926133
146218644950559497
40002739213806835
253865734059189080
62784030646009605
9013095687463897
320798930342556843
531157580475584098
118047129023973942
159529512163677411
156392645913665537
921593447050992829
91201991555425101
845949318684298074
620829764204784678
34726771291838656
46742117581108374
41718678821822638
138321416677333005
87488003535382904
126964336836326459
276575817134010194
88516412898630991
1746795582271657
81909465063772158
3943293109991468
39229586460758758
414892922553634357
227214183539191776
322962246802549301
20074212247498488
359257850723336217
529932394124370578
71508182755535794
12437960151996193
479702767787624921
15899315913540597
25592013800241711
152405424788532113
116437971286894934
405884404912035118
24187433838631100
751732947834616792
166490344157081889
147464150504060566
856411748229856275
23442363708231501
671076715022069155
24752208385249813
37726844252116769
16502456491257623
838202047012064729
63276000814485988
486029094805015073
197245855101326689
244940600271303699
298953666098302221
192446538634171795
205603584799848667
266209299450577246
281359291593184674
135759279985352109
16825202023407661
139877474730916206
11075926653694320
351523942137040307
812002431609470540
166968414747553936
45211498485753711
151892657184204771
551769220489539030
68168027111652696
34088611178081408
464808726182982342
357036829079575081
770697095712236133
9393888897594623
96902821236395002
12231542650850053
207192879307187172
222958642145610200
49400575284020403
45207209765963591
25504688076237718
15573431034970043
44152127251441852
48560568778950553
15229578152345513
260464033489671256
335693213334902104
66326874622478652
375022023970751734
481427117461906380
27122884052981066
596493156582828035
106877883399481375
55353715951401743
57000785697097686
384597996848623886
769370322154879436
8902701377849619
141157718563693442
246241179212177261
362484305374578286
707646378963010331
111041333436848523
506630975459404811
714330740603703594
397664553691373045
523677363415792791
2865305106678398
299823044202410096
827338485299184
489585272833670779
32956379641088603
693372128076732288
285179825162328216
467831779661834897
144816816805681051
26351840820214130
4943528600383710
655220485136978277
498996390116505089
785492077038470397
455094366170857043
305383936129601401
776790690530590018
18658385057673433
618084662744610910
530592804791029832
199490991174412107
583858572297860871
78386158077119578
81023719128737272
125256638814044518
19041914273820920
845833217904787574
15475717825218921
933785076799982119
59453580322756090
431483599943210443
687595588320640867
863982700867103958
431595494756336839
223142368355376943
491818778505996796
60899924446387496
435284205370177919
13677736343155617
250115727879462978
326689246112205796
50485399303462239
885282250547386245
409540140985051828
143222556265889808
971728164107590610
173493051144645734
348400133352111879
90942262712067957
256856078103482498
107400213850518282
568819670205110265
281555199045013610
686939487208606583
94066675727703757
201523488198036613
784458013911487804
648429279213141204
308625226848241833
1097653428760751
462969376876680058
263325929499825036
67533342258586565
231727325454465776
299466631533076133
134623648009029685
77490886181636494
629996825454798449
133028640108426080
591241020810972332
226312854783847066
558686072894275500
38883747974358841
231082648379292543
2679557512510919
109961072586239002
112410884630264872
58784510006211931
789149534374754056
7584573976311988
655288079475699811
267605396171960586
257440416016396441
36163988630534983
389812566928703724
72416742602049027
34305300323565786
181095629657393952
11649014751723514
491060829240772633
253686978195685069
4868944294141790
105110786475338921
139707277690769450
117402090445584611
268853170988234824
538484105563126599
247410228499492310
744628630005495923
828957349083642432
819862102104812822
250539647204629534
54797773112526145
102138481699716694
82829897699130496
549234864762027563
17567896642789768
152744923683679929
83162977042957701
999687845006914430
70461836832404441
616208303092270152
163112739266393302
92296847722487816
76384903203811993
26431340577372714
232271777181574570
116901037037114924
65686896403222815
913593208183863139
315966484769433496
412027130387624153
625001019742659105
376565090554775864
84147739636496436
722889234353027199
143378095083976899
372200281869010724
112770831233928428
341571129556302826
614062930657999037
189814608202235224
483318571394269158
135818773196106886
56124420314932913
124595987386675937
303645317542935994
582186336985713181
146470918875938367
9404423915265656
325602701633925373
185088629504184127
291425798271902883
322708015601917241
852602342920932201
28656751651263039
249335821521931322
226354464562762405
167931176538962253
585366632415070593
74326340905551751
522975256913690771
295398466580639895
233260024926143489
130717844552854205
150185653222088316
116225182561435137
215750201389833956
46139065549098619
782109614956848612
139177055336644917
51123071013445125
237418995944916203
22583842227418029
162110220023767852
233474531265413488
103760822345692473
610910848717705255
505319029183538209
24145759631582190
30980422623859321
13285995023076259
818053233791637726
115852912233673823
220532739970879223
84554227695590829
152163271859880827
40644153917968556
270557831605058648
304264976107571996
451785327001182554
406946773439920162
496242045574023034
333648192008954200
2800682228793678
121708055405446260
740388507970174649
428426995073807698
29526350035019102
174669326000959930
5219106826340472
386154577347154923
18291703295583784
587231606161095100
599058326268221198
512224729286228598
191144264673293898
359777890215051249
36632017163169352
355861471647465199
527189876582617127
378112000260609125
17758165995692664
403327763299056710
44970468788052235
7406229466780908
336627749813949741
224267655859700491
30752318785587315
289694490803179756
802128016441415310
484762181141686595
218137863325473196
796827671580594795
178987844583079729
108322456627103525
552558992590090966
84005152042120974
679414783570118945
400379241932545374
21621710102050119
790837568798452473
250586921713061695
186898371567708849
993770357246379514
275370404500305651
86497687041624620
86812552821615688
257016889147446068
32947721190926716
97648171156976464
642191517932327533
50957359764079699
94709286648419712
386730625604449473
219433727732030941
678556576660322833
165028367213982030
760098765440658994
560431994481501830
9544942853550800
30064500615426276
24775897492666162
9170342523173765
15296693238909980
290904892242905544
732839281362748896
410176912338227589
405432203722411463
94858545374014211
303157402985870325
13709595235693522
284878800440665747
412915186215740157
769359939506950916
199568588724947409
22040795429221394
7100459045623463
81196403671581585
246106327266597785
152523559709885292
192984101809998974
876739790763036097
82436875126416676
27817461080304089
967873241116475558
67152803834999256
566177139762747903
16715167645002080
10763600670163291
734298802080532376
14821806149080453
94068585669909424
461222916273228201
181244343303491440
7422436758705095
922722254301499433
98022594049315851
404599974860495632
17640569402240674
734652456694121655
194125758344065942
484337392294691182
250391244351917617
791291123587059895
289147925583127354
286497392220480884
40776097844770843
287920588447238189
66731508341332977
459201651222415871
82403336342320456
18974714322776414
36094173711611054
21755473257620405
36341125381707792
173079391983241861
179458150700164682
84052190335348486
318873858787813525
523795992988063449
702092071642572480
198653208546390095
251791899011439169
109137574465546617
52964673880217114
19614720097636788
683849007287086213
316703723128708776
484844992325113494
201798983103788006
175078755361745548
13815466817259413
50101326454435300
16192315531967940
4700515699327191
770963537257660701
295293218304647783
742391998676872155
3873578353915248
89370908592174648
362541584138032677
205180535361243027
240003336131781434
67127355674740358
60220528638563938
48060250400336909
363575676031587894
749986628018797
168897221642110053
680010858510257918
388826524178172234
248593969476149962
961034404640067021
13809189058597206
24160376742126241
652719007689979258
694753139975819846
125948760655385632
20578315680132032
57296761835667867
2495582044716447
7731418044085573
126989556152144036
181807258857711757
315428233934573935
280274548993964267
390779640780291885
119334060353128077
43246459455348992
25447378587702379
21813480931813000
712289890965284657
41336495827842313
200172824977748372
246762684305894632
52334592148894950
69604922211352019
5197651834056527
39363897516632251
776568340133206329
13344862460184859
163477824092001347
173833888801027774
497635550950703689
95867502179346828
56298704212523628
410679438463004782
379410252802905291
893776743016501922
107544390445119035
127131717875592550
54609279400073676
704050464241414127
16317939152101045
281908991456074601
51224423776196214
16584572314418132
102249616591895330
44776142740702341
53755523308690267
338252092696747145
408534292886828616
203564352642549771
105575974664969555
530607548877381094
794049675767971536
957304929275498037
90018763001726131
155308311976959451
94224604457084457
152528641445196252
29259306932210364
2395727297526877
6476323552615868
811132478005905959
167678875633859617
277942352159185451
861952640771472781
28735626272074381
467689041468670400
52090425904052219
76167106802142611
144450859716403963
31565657950928849
399684224151331925
9286313769161856
920710322507096327
438427631312284828
98668827379556289
513863685792885433
765504637969379353
109323949728587830
9312971849108781
244364127131975078
171423774249698803
79753058125886377
13029823546281999
18029501156559086
607074670614744142
12944844118470430
